#Parameters={ Seed: 5, Hopping rate: 0.1, Realisations: 1, Chunk size: 1, Dimension: 2, (Max) Lattice size: 127, Graph Type: 0 }
#Version: #v1-120-g9366
chunk	L	D	BCs	t	M0	M1	M2	M3	M4	M5	M6
# Running for L = 127
1	127	2	0	0.100	1.0	1.0	1.0	1.0	1.0	1.0	1.0
1	127	2	0	0.103	1.0	1.0	1.0	1.0	1.0	1.0	1.0
1	127	2	0	0.105	1.0	1.0	1.0	1.0	1.0	1.0	1.0
1	127	2	0	0.108	1.0	1.0	1.0	1.0	1.0	1.0	1.0
1	127	2	0	0.111	1.0	1.0	1.0	1.0	1.0	1.0	1.0
1	127	2	0	0.114	1.0	1.0	1.0	1.0	1.0	1.0	1.0
1	127	2	0	0.116	1.0	1.0	1.0	1.0	1.0	1.0	1.0
1	127	2	0	0.119	1.0	1.0	1.0	1.0	1.0	1.0	1.0
1	127	2	0	0.122	1.0	1.0	1.0	1.0	1.0	1.0	1.0
1	127	2	0	0.126	1.0	1.0	1.0	1.0	1.0	1.0	1.0
1	127	2	0	0.129	1.0	1.0	1.0	1.0	1.0	1.0	1.0
1	127	2	0	0.132	1.0	1.0	1.0	1.0	1.0	1.0	1.0
1	127	2	0	0.136	1.0	1.0	1.0	1.0	1.0	1.0	1.0
1	127	2	0	0.139	1.0	1.0	1.0	1.0	1.0	1.0	1.0
1	127	2	0	0.143	1.0	1.0	1.0	1.0	1.0	1.0	1.0
1	127	2	0	0.146	1.0	1.0	1.0	1.0	1.0	1.0	1.0
1	127	2	0	0.150	1.0	1.0	1.0	1.0	1.0	1.0	1.0
1	127	2	0	0.154	1.0	1.0	1.0	1.0	1.0	1.0	1.0
1	127	2	0	0.158	1.0	1.0	1.0	1.0	1.0	1.0	1.0
1	127	2	0	0.162	1.0	1.0	1.0	1.0	1.0	1.0	1.0
1	127	2	0	0.166	1.0	1.0	1.0	1.0	1.0	1.0	1.0
1	127	2	0	0.170	1.0	1.0	1.0	1.0	1.0	1.0	1.0
1	127	2	0	0.175	1.0	1.0	1.0	1.0	1.0	1.0	1.0
1	127	2	0	0.179	1.0	1.0	1.0	1.0	1.0	1.0	1.0
1	127	2	0	0.184	1.0	1.0	1.0	1.0	1.0	1.0	1.0
1	127	2	0	0.188	1.0	1.0	1.0	1.0	1.0	1.0	1.0
1	127	2	0	0.193	1.0	1.0	1.0	1.0	1.0	1.0	1.0
1	127	2	0	0.198	1.0	1.0	1.0	1.0	1.0	1.0	1.0
1	127	2	0	0.203	1.0	1.0	1.0	1.0	1.0	1.0	1.0
1	127	2	0	0.209	1.0	1.0	1.0	1.0	1.0	1.0	1.0
1	127	2	0	0.214	1.0	1.0	1.0	1.0	1.0	1.0	1.0
1	127	2	0	0.219	1.0	1.0	1.0	1.0	1.0	1.0	1.0
1	127	2	0	0.225	1.0	1.0	1.0	1.0	1.0	1.0	1.0
1	127	2	0	0.231	1.0	1.0	1.0	1.0	1.0	1.0	1.0
1	127	2	0	0.237	1.0	1.0	1.0	1.0	1.0	1.0	1.0
1	127	2	0	0.243	1.0	1.0	1.0	1.0	1.0	1.0	1.0
1	127	2	0	0.249	1.0	1.0	1.0	1.0	1.0	1.0	1.0
1	127	2	0	0.256	1.0	1.0	1.0	1.0	1.0	1.0	1.0
1	127	2	0	0.262	1.0	1.0	1.0	1.0	1.0	1.0	1.0
1	127	2	0	0.269	1.0	1.0	1.0	1.0	1.0	1.0	1.0
1	127	2	0	0.276	1.0	1.0	1.0	1.0	1.0	1.0	1.0
1	127	2	0	0.283	1.0	1.0	1.0	1.0	1.0	1.0	1.0
1	127	2	0	0.290	1.0	1.0	1.0	1.0	1.0	1.0	1.0
1	127	2	0	0.297	1.0	1.0	1.0	1.0	1.0	1.0	1.0
1	127	2	0	0.305	1.0	1.0	1.0	1.0	1.0	1.0	1.0
1	127	2	0	0.313	1.0	1.0	1.0	1.0	1.0	1.0	1.0
1	127	2	0	0.321	1.0	1.0	1.0	1.0	1.0	1.0	1.0
1	127	2	0	0.329	1.0	1.0	1.0	1.0	1.0	1.0	1.0
1	127	2	0	0.338	1.0	1.0	1.0	1.0	1.0	1.0	1.0
1	127	2	0	0.346	1.0	1.0	1.0	1.0	1.0	1.0	1.0
1	127	2	0	0.355	1.0	1.0	1.0	1.0	1.0	1.0	1.0
1	127	2	0	0.364	1.0	1.0	1.0	1.0	1.0	1.0	1.0
1	127	2	0	0.374	1.0	1.0	1.0	1.0	1.0	1.0	1.0
1	127	2	0	0.383	1.0	1.0	1.0	1.0	1.0	1.0	1.0
1	127	2	0	0.393	1.0	1.0	1.0	1.0	1.0	1.0	1.0
1	127	2	0	0.403	1.0	1.0	1.0	1.0	1.0	1.0	1.0
1	127	2	0	0.414	1.0	1.0	1.0	1.0	1.0	1.0	1.0
1	127	2	0	0.424	1.0	1.0	1.0	1.0	1.0	1.0	1.0
1	127	2	0	0.435	1.0	1.0	1.0	1.0	1.0	1.0	1.0
1	127	2	0	0.446	1.0	1.0	1.0	1.0	1.0	1.0	1.0
1	127	2	0	0.458	1.0	1.0	1.0	1.0	1.0	1.0	1.0
1	127	2	0	0.470	1.0	1.0	1.0	1.0	1.0	1.0	1.0
1	127	2	0	0.482	1.0	1.0	1.0	1.0	1.0	1.0	1.0
1	127	2	0	0.494	1.0	1.0	1.0	1.0	1.0	1.0	1.0
1	127	2	0	0.507	1.0	1.0	1.0	1.0	1.0	1.0	1.0
1	127	2	0	0.520	1.0	1.0	1.0	1.0	1.0	1.0	1.0
1	127	2	0	0.533	1.0	1.0	1.0	1.0	1.0	1.0	1.0
1	127	2	0	0.547	1.0	1.0	1.0	1.0	1.0	1.0	1.0
1	127	2	0	0.561	1.0	1.0	1.0	1.0	1.0	1.0	1.0
1	127	2	0	0.575	1.0	1.0	1.0	1.0	1.0	1.0	1.0
1	127	2	0	0.590	1.0	1.0	1.0	1.0	1.0	1.0	1.0
1	127	2	0	0.605	1.0	1.0	1.0	1.0	1.0	1.0	1.0
1	127	2	0	0.621	1.0	1.0	1.0	1.0	1.0	1.0	1.0
1	127	2	0	0.637	1.0	1.0	1.0	1.0	1.0	1.0	1.0
1	127	2	0	0.653	1.0	1.0	1.0	1.0	1.0	1.0	1.0
1	127	2	0	0.670	1.0	1.0	1.0	1.0	1.0	1.0	1.0
1	127	2	0	0.687	1.0	1.0	1.0	1.0	1.0	1.0	1.0
1	127	2	0	0.704	1.0	1.0	1.0	1.0	1.0	1.0	1.0
1	127	2	0	0.723	1.0	1.0	1.0	1.0	1.0	1.0	1.0
1	127	2	0	0.741	1.0	1.0	1.0	1.0	1.0	1.0	1.0
1	127	2	0	0.760	1.0	1.0	1.0	1.0	1.0	1.0	1.0
1	127	2	0	0.780	1.0	1.0	1.0	1.0	1.0	1.0	1.0
1	127	2	0	0.800	1.0	1.0	1.0	1.0	1.0	1.0	1.0
1	127	2	0	0.820	1.0	1.0	1.0	1.0	1.0	1.0	1.0
1	127	2	0	0.841	1.0	1.0	1.0	1.0	1.0	1.0	1.0
1	127	2	0	0.863	1.0	1.0	1.0	1.0	1.0	1.0	1.0
1	127	2	0	0.885	1.0	1.0	1.0	1.0	1.0	1.0	1.0
1	127	2	0	0.908	1.0	1.0	1.0	1.0	1.0	1.0	1.0
1	127	2	0	0.931	1.0	1.0	1.0	1.0	1.0	1.0	1.0
1	127	2	0	0.955	1.0	1.0	1.0	1.0	1.0	1.0	1.0
1	127	2	0	0.979	1.0	1.0	1.0	1.0	1.0	1.0	1.0
1	127	2	0	1.005	1.0	1.0	1.0	1.0	1.0	1.0	1.0
1	127	2	0	1.030	1.0	1.0	1.0	1.0	1.0	1.0	1.0
1	127	2	0	1.057	1.0	1.0	1.0	1.0	1.0	1.0	1.0
1	127	2	0	1.084	1.0	1.0	1.0	1.0	1.0	1.0	1.0
1	127	2	0	1.112	1.0	1.0	1.0	1.0	1.0	1.0	1.0
1	127	2	0	1.140	1.0	1.0	1.0	1.0	1.0	1.0	1.0
1	127	2	0	1.170	1.0	1.0	1.0	1.0	1.0	1.0	1.0
1	127	2	0	1.200	1.0	1.0	1.0	1.0	1.0	1.0	1.0
1	127	2	0	1.231	1.0	1.0	1.0	1.0	1.0	1.0	1.0
1	127	2	0	1.262	1.0	1.0	1.0	1.0	1.0	1.0	1.0
1	127	2	0	1.295	1.0	1.0	1.0	1.0	1.0	1.0	1.0
1	127	2	0	1.328	1.0	1.0	1.0	1.0	1.0	1.0	1.0
1	127	2	0	1.362	1.0	1.0	1.0	1.0	1.0	1.0	1.0
1	127	2	0	1.397	1.0	1.0	1.0	1.0	1.0	1.0	1.0
1	127	2	0	1.433	1.0	1.0	1.0	1.0	1.0	1.0	1.0
1	127	2	0	1.469	1.0	1.0	1.0	1.0	1.0	1.0	1.0
1	127	2	0	1.507	1.0	1.0	1.0	1.0	1.0	1.0	1.0
1	127	2	0	1.546	1.0	1.0	1.0	1.0	1.0	1.0	1.0
1	127	2	0	1.586	1.0	1.0	1.0	1.0	1.0	1.0	1.0
1	127	2	0	1.626	1.0	1.0	1.0	1.0	1.0	1.0	1.0
1	127	2	0	1.668	1.0	1.0	1.0	1.0	1.0	1.0	1.0
1	127	2	0	1.711	1.0	1.0	1.0	1.0	1.0	1.0	1.0
1	127	2	0	1.755	1.0	1.0	1.0	1.0	1.0	1.0	1.0
1	127	2	0	1.800	1.0	1.0	1.0	1.0	1.0	1.0	1.0
1	127	2	0	1.846	1.0	1.0	1.0	1.0	1.0	1.0	1.0
1	127	2	0	1.894	1.0	1.0	1.0	1.0	1.0	1.0	1.0
1	127	2	0	1.942	1.0	1.0	1.0	1.0	1.0	1.0	1.0
1	127	2	0	1.992	1.0	1.0	1.0	1.0	1.0	1.0	1.0
1	127	2	0	2.043	1.0	1.0	1.0	1.0	1.0	1.0	1.0
1	127	2	0	2.096	1.0	1.0	1.0	1.0	1.0	1.0	1.0
1	127	2	0	2.149	1.0	1.0	1.0	1.0	1.0	1.0	1.0
1	127	2	0	2.205	1.0	1.0	1.0	1.0	1.0	1.0	1.0
1	127	2	0	2.261	1.0	1.0	1.0	1.0	1.0	1.0	1.0
1	127	2	0	2.319	1.0	1.0	1.0	1.0	1.0	1.0	1.0
1	127	2	0	2.379	1.0	1.0	1.0	1.0	1.0	1.0	1.0
1	127	2	0	2.440	1.0	1.0	1.0	1.0	1.0	1.0	1.0
1	127	2	0	2.503	1.0	1.0	1.0	1.0	1.0	1.0	1.0
1	127	2	0	2.567	1.0	1.0	1.0	1.0	1.0	1.0	1.0
1	127	2	0	2.633	1.0	1.0	1.0	1.0	1.0	1.0	1.0
1	127	2	0	2.700	1.0	1.0	1.0	1.0	1.0	1.0	1.0
1	127	2	0	2.770	1.0	1.0	1.0	1.0	1.0	1.0	1.0
1	127	2	0	2.841	1.0	1.0	1.0	1.0	1.0	1.0	1.0
1	127	2	0	2.914	1.0	1.0	1.0	1.0	1.0	1.0	1.0
1	127	2	0	2.989	1.0	1.0	1.0	1.0	1.0	1.0	1.0
1	127	2	0	3.065	1.0	1.0	1.0	1.0	1.0	1.0	1.0
1	127	2	0	3.144	1.0	1.0	1.0	1.0	1.0	1.0	1.0
1	127	2	0	3.225	1.0	1.0	1.0	1.0	1.0	1.0	1.0
1	127	2	0	3.308	1.0	1.0	1.0	1.0	1.0	1.0	1.0
1	127	2	0	3.393	1.0	1.0	1.0	1.0	1.0	1.0	1.0
1	127	2	0	3.480	1.0	1.0	1.0	1.0	1.0	1.0	1.0
1	127	2	0	3.569	1.0	1.0	1.0	1.0	1.0	1.0	1.0
1	127	2	0	3.661	1.0	1.0	1.0	1.0	1.0	1.0	1.0
1	127	2	0	3.755	1.0	1.0	1.0	1.0	1.0	1.0	1.0
1	127	2	0	3.851	1.0	1.0	1.0	1.0	1.0	1.0	1.0
1	127	2	0	3.950	1.0	1.0	1.0	1.0	1.0	1.0	1.0
1	127	2	0	4.051	1.0	1.0	1.0	1.0	1.0	1.0	1.0
1	127	2	0	4.155	1.0	1.0	1.0	1.0	1.0	1.0	1.0
1	127	2	0	4.262	1.0	1.0	1.0	1.0	1.0	1.0	1.0
1	127	2	0	4.372	1.0	1.0	1.0	1.0	1.0	1.0	1.0
1	127	2	0	4.484	1.0	1.0	1.0	1.0	1.0	1.0	1.0
1	127	2	0	4.599	1.0	1.0	1.0	1.0	1.0	1.0	1.0
1	127	2	0	4.717	1.0	1.0	1.0	1.0	1.0	1.0	1.0
1	127	2	0	4.838	1.0	1.0	1.0	1.0	1.0	1.0	1.0
1	127	2	0	4.962	1.0	1.0	1.0	1.0	1.0	1.0	1.0
1	127	2	0	5.090	1.0	1.0	1.0	1.0	1.0	1.0	1.0
1	127	2	0	5.221	1.0	1.0	1.0	1.0	1.0	1.0	1.0
1	127	2	0	5.355	1.0	1.0	1.0	1.0	1.0	1.0	1.0
1	127	2	0	5.492	1.0	1.0	1.0	1.0	1.0	1.0	1.0
1	127	2	0	5.633	1.0	1.0	1.0	1.0	1.0	1.0	1.0
1	127	2	0	5.778	1.0	1.0	1.0	1.0	1.0	1.0	1.0
1	127	2	0	5.926	1.0	1.0	1.0	1.0	1.0	1.0	1.0
1	127	2	0	6.078	1.0	1.0	1.0	1.0	1.0	1.0	1.0
1	127	2	0	6.234	1.0	1.0	1.0	1.0	1.0	1.0	1.0
1	127	2	0	6.394	1.0	1.0	1.0	1.0	1.0	1.0	1.0
1	127	2	0	6.559	1.0	1.0	1.0	1.0	1.0	1.0	1.0
1	127	2	0	6.727	1.0	1.0	1.0	1.0	1.0	1.0	1.0
1	127	2	0	6.900	1.0	1.0	1.0	1.0	1.0	1.0	1.0
1	127	2	0	7.077	1.0	1.0	1.0	1.0	1.0	1.0	1.0
1	127	2	0	7.259	1.0	1.0	1.0	1.0	1.0	1.0	1.0
1	127	2	0	7.445	1.0	1.0	1.0	1.0	1.0	1.0	1.0
1	127	2	0	7.636	1.0	1.0	1.0	1.0	1.0	1.0	1.0
1	127	2	0	7.832	1.0	1.0	1.0	1.0	1.0	1.0	1.0
1	127	2	0	8.034	1.0	1.0	1.0	1.0	1.0	1.0	1.0
1	127	2	0	8.240	1.0	1.0	1.0	1.0	1.0	1.0	1.0
1	127	2	0	8.451	1.0	1.0	1.0	1.0	1.0	1.0	1.0
1	127	2	0	8.668	1.0	1.0	1.0	1.0	1.0	1.0	1.0
1	127	2	0	8.891	1.0	1.0	1.0	1.0	1.0	1.0	1.0
1	127	2	0	9.119	1.0	1.0	1.0	1.0	1.0	1.0	1.0
1	127	2	0	9.353	1.0	1.0	1.0	1.0	1.0	1.0	1.0
1	127	2	0	9.594	1.0	1.0	1.0	1.0	1.0	1.0	1.0
1	127	2	0	9.840	1.0	1.0	1.0	1.0	1.0	1.0	1.0
1	127	2	0	10.093	1.0	1.0	1.0	1.0	1.0	1.0	1.0
1	127	2	0	10.352	1.0	1.0	1.0	1.0	1.0	1.0	1.0
1	127	2	0	10.618	1.0	1.0	1.0	1.0	1.0	1.0	1.0
1	127	2	0	10.890	1.0	1.0	1.0	1.0	1.0	1.0	1.0
1	127	2	0	11.170	1.0	1.0	1.0	1.0	1.0	1.0	1.0
1	127	2	0	11.457	1.0	1.0	1.0	1.0	1.0	1.0	1.0
1	127	2	0	11.751	1.0	1.0	1.0	1.0	1.0	1.0	1.0
1	127	2	0	12.053	1.0	1.0	1.0	1.0	1.0	1.0	1.0
1	127	2	0	12.362	1.0	1.0	1.0	1.0	1.0	1.0	1.0
1	127	2	0	12.680	1.0	1.0	1.0	1.0	1.0	1.0	1.0
1	127	2	0	13.005	1.0	1.0	1.0	1.0	1.0	1.0	1.0
1	127	2	0	13.339	1.0	1.0	1.0	1.0	1.0	1.0	1.0
1	127	2	0	13.682	1.0	1.0	1.0	1.0	1.0	1.0	1.0
1	127	2	0	14.033	1.0	1.0	1.0	1.0	1.0	1.0	1.0
1	127	2	0	14.393	1.0	1.0	1.0	1.0	1.0	1.0	1.0
1	127	2	0	14.763	1.0	1.0	1.0	1.0	1.0	1.0	1.0
1	127	2	0	15.142	1.0	1.0	1.0	1.0	1.0	1.0	1.0
1	127	2	0	15.531	1.0	1.0	1.0	1.0	1.0	1.0	1.0
1	127	2	0	15.930	1.0	1.0	1.0	1.0	1.0	1.0	1.0
1	127	2	0	16.339	1.0	1.0	1.0	1.0	1.0	1.0	1.0
1	127	2	0	16.758	1.0	1.0	1.0	1.0	1.0	1.0	1.0
1	127	2	0	17.188	1.0	1.0	1.0	1.0	1.0	1.0	1.0
1	127	2	0	17.630	1.0	1.0	1.0	1.0	1.0	1.0	1.0
1	127	2	0	18.082	1.0	1.0	1.0	1.0	1.0	1.0	1.0
1	127	2	0	18.547	1.0	1.0	1.0	1.0	1.0	1.0	1.0
1	127	2	0	19.023	1.0	1.0	1.0	1.0	1.0	1.0	1.0
1	127	2	0	19.511	1.0	1.0	1.0	1.0	1.0	1.0	1.0
1	127	2	0	20.012	1.0	1.0	1.0	1.0	1.0	1.0	1.0
1	127	2	0	20.526	1.0	1.0	1.0	1.0	1.0	1.0	1.0
1	127	2	0	21.053	1.0	1.0	1.0	1.0	1.0	1.0	1.0
1	127	2	0	21.594	1.0	1.0	1.0	1.0	1.0	1.0	1.0
1	127	2	0	22.149	1.0	1.0	1.0	1.0	1.0	1.0	1.0
1	127	2	0	22.717	1.0	1.0	1.0	1.0	1.0	1.0	1.0
1	127	2	0	23.301	1.0	1.0	1.0	1.0	1.0	1.0	1.0
1	127	2	0	23.899	1.0	1.0	1.0	1.0	1.0	1.0	1.0
1	127	2	0	24.513	1.0	1.0	1.0	1.0	1.0	1.0	1.0
1	127	2	0	25.142	1.0	1.0	1.0	1.0	1.0	1.0	1.0
1	127	2	0	25.788	1.0	1.0	1.0	1.0	1.0	1.0	1.0
1	127	2	0	26.450	1.0	1.0	1.0	1.0	1.0	1.0	1.0
1	127	2	0	27.129	1.0	1.0	1.0	1.0	1.0	1.0	1.0
1	127	2	0	27.826	1.0	1.0	1.0	1.0	1.0	1.0	1.0
1	127	2	0	28.540	1.0	1.0	1.0	1.0	1.0	1.0	1.0
1	127	2	0	29.273	1.0	1.0	1.0	1.0	1.0	1.0	1.0
1	127	2	0	30.025	1.0	1.0	1.0	1.0	1.0	1.0	1.0
1	127	2	0	30.796	1.0	1.0	1.0	1.0	1.0	1.0	1.0
1	127	2	0	31.586	1.0	1.0	1.0	1.0	1.0	1.0	1.0
1	127	2	0	32.397	1.0	1.0	1.0	1.0	1.0	1.0	1.0
1	127	2	0	33.229	1.0	1.0	1.0	1.0	1.0	1.0	1.0
1	127	2	0	34.083	1.0	1.0	1.0	1.0	1.0	1.0	1.0
1	127	2	0	34.958	1.0	1.0	1.0	1.0	1.0	1.0	1.0
1	127	2	0	35.855	1.0	1.0	1.0	1.0	1.0	1.0	1.0
1	127	2	0	36.776	1.0	1.0	1.0	1.0	1.0	1.0	1.0
1	127	2	0	37.720	1.0	1.0	1.0	1.0	1.0	1.0	1.0
1	127	2	0	38.689	1.0	1.0	1.0	1.0	1.0	1.0	1.0
1	127	2	0	39.682	1.0	1.0	1.0	1.0	1.0	1.0	1.0
1	127	2	0	40.701	1.0	1.0	1.0	1.0	1.0	1.0	1.0
1	127	2	0	41.747	1.0	1.0	1.0	1.0	1.0	1.0	1.0
1	127	2	0	42.819	1.0	1.0	1.0	1.0	1.0	1.0	1.0
1	127	2	0	43.918	1.0	1.0	1.0	1.0	1.0	1.0	1.0
1	127	2	0	45.046	1.0	1.0	1.0	1.0	1.0	1.0	1.0
1	127	2	0	46.202	1.0	1.0	1.0	1.0	1.0	1.0	1.0
1	127	2	0	47.389	1.0	1.0	1.0	1.0	1.0	1.0	1.0
1	127	2	0	48.606	1.0	1.0	1.0	1.0	1.0	1.0	1.0
1	127	2	0	49.854	1.0	1.0	1.0	1.0	1.0	1.0	1.0
1	127	2	0	51.134	1.0	1.0	1.0	1.0	1.0	1.0	1.0
1	127	2	0	52.447	1.0	1.0	1.0	1.0	1.0	1.0	1.0
1	127	2	0	53.794	1.0	1.0	1.0	1.0	1.0	1.0	1.0
1	127	2	0	55.175	1.0	1.0	1.0	1.0	1.0	1.0	1.0
1	127	2	0	56.592	1.0	1.0	1.0	1.0	1.0	1.0	1.0
1	127	2	0	58.045	1.0	1.0	1.0	1.0	1.0	1.0	1.0
1	127	2	0	59.535	1.0	1.0	1.0	1.0	1.0	1.0	1.0
1	127	2	0	61.064	1.0	1.0	1.0	1.0	1.0	1.0	1.0
1	127	2	0	62.632	1.0	1.0	1.0	1.0	1.0	1.0	1.0
1	127	2	0	64.240	1.0	1.0	1.0	1.0	1.0	1.0	1.0
1	127	2	0	65.890	1.0	1.0	1.0	1.0	1.0	1.0	1.0
1	127	2	0	67.582	1.0	1.0	1.0	1.0	1.0	1.0	1.0
1	127	2	0	69.317	1.0	1.0	1.0	1.0	1.0	1.0	1.0
1	127	2	0	71.097	1.0	1.0	1.0	1.0	1.0	1.0	1.0
1	127	2	0	72.923	1.0	1.0	1.0	1.0	1.0	1.0	1.0
1	127	2	0	74.795	1.0	1.0	1.0	1.0	1.0	1.0	1.0
1	127	2	0	76.716	1.0	1.0	1.0	1.0	1.0	1.0	1.0
1	127	2	0	78.686	1.0	1.0	1.0	1.0	1.0	1.0	1.0
1	127	2	0	80.706	1.0	1.0	1.0	1.0	1.0	1.0	1.0
1	127	2	0	82.779	1.0	1.0	1.0	1.0	1.0	1.0	1.0
1	127	2	0	84.904	1.0	1.0	1.0	1.0	1.0	1.0	1.0
1	127	2	0	87.084	1.0	1.0	1.0	1.0	1.0	1.0	1.0
1	127	2	0	89.320	1.0	1.0	1.0	1.0	1.0	1.0	1.0
1	127	2	0	91.614	1.0	1.0	1.0	1.0	1.0	1.0	1.0
1	127	2	0	93.966	1.0	1.0	1.0	1.0	1.0	1.0	1.0
1	127	2	0	96.379	1.0	1.0	1.0	1.0	1.0	1.0	1.0
1	127	2	0	98.854	1.0	1.0	1.0	1.0	1.0	1.0	1.0
1	127	2	0	101.393	1.0	1.0	1.0	1.0	1.0	1.0	1.0
1	127	2	0	103.996	1.0	1.0	1.0	1.0	1.0	1.0	1.0
1	127	2	0	106.666	1.0	1.0	1.0	1.0	1.0	1.0	1.0
1	127	2	0	109.405	1.0	1.0	1.0	1.0	1.0	1.0	1.0
1	127	2	0	112.215	1.0	1.0	1.0	1.0	1.0	1.0	1.0
1	127	2	0	115.096	1.0	1.0	1.0	1.0	1.0	1.0	1.0
1	127	2	0	118.052	1.0	1.0	1.0	1.0	1.0	1.0	1.0
1	127	2	0	121.083	1.0	1.0	1.0	1.0	1.0	1.0	1.0
1	127	2	0	124.192	1.0	1.0	1.0	1.0	1.0	1.0	1.0
1	127	2	0	127.381	1.0	1.0	1.0	1.0	1.0	1.0	1.0
1	127	2	0	130.652	1.0	1.0	1.0	1.0	1.0	1.0	1.0
1	127	2	0	134.007	1.0	1.0	1.0	1.0	1.0	1.0	1.0
1	127	2	0	137.448	1.0	1.0	1.0	1.0	1.0	1.0	1.0
1	127	2	0	140.977	1.0	1.0	1.0	1.0	1.0	1.0	1.0
1	127	2	0	144.597	1.0	1.0	1.0	1.0	1.0	1.0	1.0
1	127	2	0	148.310	1.0	1.0	1.0	1.0	1.0	1.0	1.0
1	127	2	0	152.119	1.0	1.0	1.0	1.0	1.0	1.0	1.0
1	127	2	0	156.025	1.0	1.0	1.0	1.0	1.0	1.0	1.0
1	127	2	0	160.031	1.0	1.0	1.0	1.0	1.0	1.0	1.0
1	127	2	0	164.140	1.0	1.0	1.0	1.0	1.0	1.0	1.0
1	127	2	0	168.355	1.0	1.0	1.0	1.0	1.0	1.0	1.0
1	127	2	0	172.678	1.0	1.0	1.0	1.0	1.0	1.0	1.0
1	127	2	0	177.112	1.0	1.0	1.0	1.0	1.0	1.0	1.0
1	127	2	0	181.660	1.0	1.0	1.0	1.0	1.0	1.0	1.0
1	127	2	0	186.325	1.0	1.0	1.0	1.0	1.0	1.0	1.0
1	127	2	0	191.109	1.0	1.0	1.0	1.0	1.0	1.0	1.0
1	127	2	0	196.016	1.0	1.0	1.0	1.0	1.0	1.0	1.0
1	127	2	0	201.050	1.0	1.0	1.0	1.0	1.0	1.0	1.0
1	127	2	0	206.212	1.0	1.0	1.0	1.0	1.0	1.0	1.0
1	127	2	0	211.507	1.0	1.0	1.0	1.0	1.0	1.0	1.0
1	127	2	0	216.938	1.0	1.0	1.0	1.0	1.0	1.0	1.0
1	127	2	0	222.509	1.0	1.0	1.0	1.0	1.0	1.0	1.0
1	127	2	0	228.222	1.0	1.0	1.0	1.0	1.0	1.0	1.0
1	127	2	0	234.083	1.0	1.0	1.0	1.0	1.0	1.0	1.0
1	127	2	0	240.093	1.0	1.0	1.0	1.0	1.0	1.0	1.0
1	127	2	0	246.259	1.0	1.0	1.0	1.0	1.0	1.0	1.0
1	127	2	0	252.582	1.0	1.0	1.0	1.0	1.0	1.0	1.0
1	127	2	0	259.068	1.0	1.0	1.0	1.0	1.0	1.0	1.0
1	127	2	0	265.720	1.0	1.0	1.0	1.0	1.0	1.0	1.0
1	127	2	0	272.543	1.0	1.0	1.0	1.0	1.0	1.0	1.0
1	127	2	0	279.542	1.0	1.0	1.0	1.0	1.0	1.0	1.0
1	127	2	0	286.720	1.0	1.0	1.0	1.0	1.0	1.0	1.0
1	127	2	0	294.082	1.0	1.0	1.0	1.0	1.0	1.0	1.0
1	127	2	0	301.633	1.0	1.0	1.0	1.0	1.0	1.0	1.0
1	127	2	0	309.379	1.0	1.0	1.0	1.0	1.0	1.0	1.0
1	127	2	0	317.323	1.0	1.0	1.0	1.0	1.0	1.0	1.0
1	127	2	0	325.471	1.0	1.0	1.0	1.0	1.0	1.0	1.0
1	127	2	0	333.829	1.0	1.0	1.0	1.0	1.0	1.0	1.0
1	127	2	0	342.401	1.0	1.0	1.0	1.0	1.0	1.0	1.0
1	127	2	0	351.193	1.0	1.0	1.0	1.0	1.0	1.0	1.0
1	127	2	0	360.211	1.0	1.0	1.0	1.0	1.0	1.0	1.0
1	127	2	0	369.460	1.0	1.0	1.0	1.0	1.0	1.0	1.0
1	127	2	0	378.947	1.0	1.0	1.0	1.0	1.0	1.0	1.0
1	127	2	0	388.678	1.0	1.0	1.0	1.0	1.0	1.0	1.0
1	127	2	0	398.658	1.0	1.0	1.0	1.0	1.0	1.0	1.0
1	127	2	0	408.895	1.0	1.0	1.0	1.0	1.0	1.0	1.0
1	127	2	0	419.394	1.0	1.0	1.0	1.0	1.0	1.0	1.0
1	127	2	0	430.164	1.0	1.0	1.0	1.0	1.0	1.0	1.0
1	127	2	0	441.209	1.0	1.0	1.0	1.0	1.0	1.0	1.0
1	127	2	0	452.539	1.0	1.0	1.0	1.0	1.0	1.0	1.0
1	127	2	0	464.159	1.0	1.0	1.0	1.0	1.0	1.0	1.0
1	127	2	0	476.078	1.0	1.0	1.0	1.0	1.0	1.0	1.0
1	127	2	0	488.302	1.0	1.0	1.0	1.0	1.0	1.0	1.0
1	127	2	0	500.841	1.0	1.0	1.0	1.0	1.0	1.0	1.0
1	127	2	0	513.701	1.0	1.0	1.0	1.0	1.0	1.0	1.0
1	127	2	0	526.892	1.0	1.0	1.0	1.0	1.0	1.0	1.0
1	127	2	0	540.422	1.0	1.0	1.0	1.0	1.0	1.0	1.0
1	127	2	0	554.299	1.0	1.0	1.0	1.0	1.0	1.0	1.0
1	127	2	0	568.532	1.0	1.0	1.0	1.0	1.0	1.0	1.0
1	127	2	0	583.131	1.0	1.0	1.0	1.0	1.0	1.0	1.0
1	127	2	0	598.104	1.0	1.0	1.0	1.0	1.0	1.0	1.0
1	127	2	0	613.462	1.0	1.0	1.0	1.0	1.0	1.0	1.0
1	127	2	0	629.215	1.0	1.0	1.0	1.0	1.0	1.0	1.0
1	127	2	0	645.372	1.0	1.0	1.0	1.0	1.0	1.0	1.0
1	127	2	0	661.943	1.0	1.0	1.0	1.0	1.0	1.0	1.0
1	127	2	0	678.941	1.0	1.0	1.0	1.0	1.0	1.0	1.0
1	127	2	0	696.374	1.0	1.0	1.0	1.0	1.0	1.0	1.0
1	127	2	0	714.256	1.0	1.0	1.0	1.0	1.0	1.0	1.0
1	127	2	0	732.597	1.0	1.0	1.0	1.0	1.0	1.0	1.0
1	127	2	0	751.408	1.0	1.0	1.0	1.0	1.0	1.0	1.0
1	127	2	0	770.703	1.0	1.0	1.0	1.0	1.0	1.0	1.0
1	127	2	0	790.493	1.0	1.0	1.0	1.0	1.0	1.0	1.0
1	127	2	0	810.791	1.0	1.0	1.0	1.0	1.0	1.0	1.0
1	127	2	0	831.610	1.0	1.0	1.0	1.0	1.0	1.0	1.0
1	127	2	0	852.964	1.0	1.0	1.0	1.0	1.0	1.0	1.0
1	127	2	0	874.867	1.0	1.0	1.0	1.0	1.0	1.0	1.0
1	127	2	0	897.332	1.0	1.0	1.0	1.0	1.0	1.0	1.0
1	127	2	0	920.373	1.0	1.0	1.0	1.0	1.0	1.0	1.0
1	127	2	0	944.006	1.0	1.0	1.0	1.0	1.0	1.0	1.0
1	127	2	0	968.247	1.0	1.0	1.0	1.0	1.0	1.0	1.0
1	127	2	0	993.109	1.0	1.0	1.0	1.0	1.0	1.0	1.0
1	127	2	0	1018.610	1.0	1.0	1.0	1.0	1.0	1.0	1.0
1	127	2	0	1044.766	1.0	1.0	1.0	1.0	1.0	1.0	1.0
1	127	2	0	1071.593	1.0	1.0	1.0	1.0	1.0	1.0	1.0
1	127	2	0	1099.110	1.0	1.0	1.0	1.0	1.0	1.0	1.0
1	127	2	0	1127.333	1.0	1.0	1.0	1.0	1.0	1.0	1.0
1	127	2	0	1156.280	1.0	1.0	1.0	1.0	1.0	1.0	1.0
1	127	2	0	1185.971	1.0	1.0	1.0	1.0	1.0	1.0	1.0
1	127	2	0	1216.424	1.0	1.0	1.0	1.0	1.0	1.0	1.0
1	127	2	0	1247.660	1.0	1.0	1.0	1.0	1.0	1.0	1.0
1	127	2	0	1279.697	1.0	1.0	1.0	1.0	1.0	1.0	1.0
1	127	2	0	1312.557	1.0	1.0	1.0	1.0	1.0	1.0	1.0
1	127	2	0	1346.261	1.0	1.0	1.0	1.0	1.0	1.0	1.0
1	127	2	0	1380.830	1.0	1.0	1.0	1.0	1.0	1.0	1.0
1	127	2	0	1416.287	1.0	1.0	1.0	1.0	1.0	1.0	1.0
1	127	2	0	1452.654	1.0	1.0	1.0	1.0	1.0	1.0	1.0
1	127	2	0	1489.955	1.0	1.0	1.0	1.0	1.0	1.0	1.0
1	127	2	0	1528.214	1.0	1.0	1.0	1.0	1.0	1.0	1.0
1	127	2	0	1567.455	1.0	1.0	1.0	1.0	1.0	1.0	1.0
1	127	2	0	1607.704	1.0	1.0	1.0	1.0	1.0	1.0	1.0
1	127	2	0	1648.987	1.0	1.0	1.0	1.0	1.0	1.0	1.0
1	127	2	0	1691.330	1.0	1.0	1.0	1.0	1.0	1.0	1.0
1	127	2	0	1734.759	1.0	1.0	1.0	1.0	1.0	1.0	1.0
1	127	2	0	1779.304	1.0	1.0	1.0	1.0	1.0	1.0	1.0
1	127	2	0	1824.993	1.0	1.0	1.0	1.0	1.0	1.0	1.0
1	127	2	0	1871.855	1.0	1.0	1.0	1.0	1.0	1.0	1.0
1	127	2	0	1919.921	1.0	1.0	1.0	1.0	1.0	1.0	1.0
1	127	2	0	1969.220	1.0	1.0	1.0	1.0	1.0	1.0	1.0
1	127	2	0	2019.786	1.0	1.0	1.0	1.0	1.0	1.0	1.0
1	127	2	0	2071.650	1.0	1.0	1.0	1.0	1.0	1.0	1.0
1	127	2	0	2124.845	1.0	1.0	1.0	1.0	1.0	1.0	1.0
1	127	2	0	2179.407	1.0	1.0	1.0	1.0	1.0	1.0	1.0
1	127	2	0	2235.370	1.0	1.0	1.0	1.0	1.0	1.0	1.0
1	127	2	0	2292.769	1.0	1.0	1.0	1.0	1.0	1.0	1.0
1	127	2	0	2351.643	1.0	1.0	1.0	1.0	1.0	1.0	1.0
1	127	2	0	2412.028	1.0	1.0	1.0	1.0	1.0	1.0	1.0
1	127	2	0	2473.964	1.0	1.0	1.0	1.0	1.0	1.0	1.0
1	127	2	0	2537.490	1.0	1.0	1.0	1.0	1.0	1.0	1.0
1	127	2	0	2602.648	1.0	1.0	1.0	1.0	1.0	1.0	1.0
1	127	2	0	2669.478	1.0	1.0	1.0	1.0	1.0	1.0	1.0
1	127	2	0	2738.025	1.0	1.0	1.0	1.0	1.0	1.0	1.0
1	127	2	0	2808.332	1.0	1.0	1.0	1.0	1.0	1.0	1.0
1	127	2	0	2880.444	1.0	1.0	1.0	1.0	1.0	1.0	1.0
1	127	2	0	2954.408	1.0	1.0	1.0	1.0	1.0	1.0	1.0
1	127	2	0	3030.271	1.0	1.0	1.0	1.0	1.0	1.0	1.0
1	127	2	0	3108.082	1.0	1.0	1.0	1.0	1.0	1.0	1.0
1	127	2	0	3187.891	1.0	1.0	1.0	1.0	1.0	1.0	1.0
1	127	2	0	3269.750	1.0	1.0	1.0	1.0	1.0	1.0	1.0
1	127	2	0	3353.710	1.0	1.0	1.0	1.0	1.0	1.0	1.0
1	127	2	0	3439.826	1.0	1.0	1.0	1.0	1.0	1.0	1.0
1	127	2	0	3528.154	1.0	1.0	1.0	1.0	1.0	1.0	1.0
1	127	2	0	3618.750	1.0	1.0	1.0	1.0	1.0	1.0	1.0
1	127	2	0	3711.672	1.0	1.0	1.0	1.0	1.0	1.0	1.0
1	127	2	0	3806.980	1.0	1.0	1.0	1.0	1.0	1.0	1.0
1	127	2	0	3904.735	1.0	1.0	1.0	1.0	1.0	1.0	1.0
1	127	2	0	4005.001	1.0	1.0	1.0	1.0	1.0	1.0	1.0
1	127	2	0	4107.841	1.0	1.0	1.0	1.0	1.0	1.0	1.0
1	127	2	0	4213.322	1.0	1.0	1.0	1.0	1.0	1.0	1.0
1	127	2	0	4321.511	1.0	1.0	1.0	1.0	1.0	1.0	1.0
1	127	2	0	4432.479	1.0	1.0	1.0	1.0	1.0	1.0	1.0
1	127	2	0	4546.295	1.0	1.0	1.0	1.0	1.0	1.0	1.0
1	127	2	0	4663.035	1.0	1.0	1.0	1.0	1.0	1.0	1.0
1	127	2	0	4782.772	1.0	1.0	1.0	1.0	1.0	1.0	1.0
1	127	2	0	4905.584	1.0	1.0	1.0	1.0	1.0	1.0	1.0
1	127	2	0	5031.549	1.0	1.0	1.0	1.0	1.0	1.0	1.0
1	127	2	0	5160.749	1.0	1.0	1.0	1.0	1.0	1.0	1.0
1	127	2	0	5293.266	1.0	1.0	1.0	1.0	1.0	1.0	1.0
1	127	2	0	5429.186	1.0	1.0	1.0	1.0	1.0	1.0	1.0
1	127	2	0	5568.596	1.0	1.0	1.0	1.0	1.0	1.0	1.0
1	127	2	0	5711.586	1.0	1.0	1.0	1.0	1.0	1.0	1.0
1	127	2	0	5858.248	1.0	1.0	1.0	1.0	1.0	1.0	1.0
1	127	2	0	6008.676	1.0	1.0	1.0	1.0	1.0	1.0	1.0
1	127	2	0	6162.966	1.0	1.0	1.0	1.0	1.0	1.0	1.0
1	127	2	0	6321.218	1.0	1.0	1.0	1.0	1.0	1.0	1.0
1	127	2	0	6483.534	1.0	1.0	1.0	1.0	1.0	1.0	1.0
1	127	2	0	6650.018	1.0	1.0	1.0	1.0	1.0	1.0	1.0
1	127	2	0	6820.777	1.0	1.0	1.0	1.0	1.0	1.0	1.0
1	127	2	0	6995.920	1.0	1.0	1.0	1.0	1.0	1.0	1.0
1	127	2	0	7175.561	1.0	1.0	1.0	1.0	1.0	1.0	1.0
1	127	2	0	7359.814	1.0	1.0	1.0	1.0	1.0	1.0	1.0
1	127	2	0	7548.799	1.0	1.0	1.0	1.0	1.0	1.0	1.0
1	127	2	0	7742.637	1.0	1.0	1.0	1.0	1.0	1.0	1.0
1	127	2	0	7941.452	1.0	1.0	1.0	1.0	1.0	1.0	1.0
1	127	2	0	8145.372	1.0	1.0	1.0	1.0	1.0	1.0	1.0
1	127	2	0	8354.528	1.0	1.0	1.0	1.0	1.0	1.0	1.0
1	127	2	0	8569.055	1.0	1.0	1.0	1.0	1.0	1.0	1.0
1	127	2	0	8789.091	1.0	1.0	1.0	1.0	1.0	1.0	1.0
1	127	2	0	9014.776	1.0	1.0	1.0	1.0	1.0	1.0	1.0
1	127	2	0	9246.257	1.0	1.0	1.0	1.0	1.0	1.0	1.0
1	127	2	0	9483.682	1.0	1.0	1.0	1.0	1.0	1.0	1.0
1	127	2	0	9727.203	1.0	1.0	1.0	1.0	1.0	1.0	1.0
1	127	2	0	9976.978	1.0	1.0	1.0	1.0	1.0	1.0	1.0
1	127	2	0	10233.166	1.0	1.0	1.0	1.0	1.0	1.0	1.0
1	127	2	0	10495.932	1.0	1.0	1.0	1.0	1.0	1.0	1.0
1	127	2	0	10765.446	1.0	1.0	1.0	1.0	1.0	1.0	1.0
1	127	2	0	11041.881	1.0	1.0	1.0	1.0	1.0	1.0	1.0
1	127	2	0	11325.413	1.0	1.0	1.0	1.0	1.0	1.0	1.0
1	127	2	0	11616.226	1.0	1.0	1.0	1.0	1.0	1.0	1.0
1	127	2	0	11914.507	1.0	1.0	1.0	1.0	1.0	1.0	1.0
1	127	2	0	12220.447	1.0	1.0	1.0	1.0	1.0	1.0	1.0
1	127	2	0	12534.243	1.0	1.0	1.0	1.0	1.0	1.0	1.0
1	127	2	0	12856.096	1.0	1.0	1.0	1.0	1.0	1.0	1.0
1	127	2	0	13186.214	1.0	1.0	1.0	1.0	1.0	1.0	1.0
1	127	2	0	13524.809	1.0	1.0	1.0	1.0	1.0	1.0	1.0
1	127	2	0	13872.098	1.0	1.0	1.0	1.0	1.0	1.0	1.0
1	127	2	0	14228.305	1.0	1.0	1.0	1.0	1.0	1.0	1.0
1	127	2	0	14593.658	1.0	1.0	1.0	1.0	1.0	1.0	1.0
1	127	2	0	14968.393	1.0	1.0	1.0	1.0	1.0	1.0	1.0
1	127	2	0	15352.750	1.0	1.0	1.0	1.0	1.0	1.0	1.0
1	127	2	0	15746.977	1.0	1.0	1.0	1.0	1.0	1.0	1.0
1	127	2	0	16151.327	1.0	1.0	1.0	1.0	1.0	1.0	1.0
1	127	2	0	16566.060	1.0	1.0	1.0	1.0	1.0	1.0	1.0
1	127	2	0	16991.442	1.0	1.0	1.0	1.0	1.0	1.0	1.0
1	127	2	0	17427.747	1.0	1.0	1.0	1.0	1.0	1.0	1.0
1	127	2	0	17875.255	1.0	1.0	1.0	1.0	1.0	1.0	1.0
1	127	2	0	18334.255	1.0	1.0	1.0	1.0	1.0	1.0	1.0
1	127	2	0	18805.041	1.0	1.0	1.0	1.0	1.0	1.0	1.0
1	127	2	0	19287.915	1.0	1.0	1.0	1.0	1.0	1.0	1.0
1	127	2	0	19783.189	1.0	1.0	1.0	1.0	1.0	1.0	1.0
1	127	2	0	20291.180	1.0	1.0	1.0	1.0	1.0	1.0	1.0
1	127	2	0	20812.216	1.0	1.0	1.0	1.0	1.0	1.0	1.0
1	127	2	0	21346.630	1.0	1.0	1.0	1.0	1.0	1.0	1.0
1	127	2	0	21894.768	1.0	1.0	1.0	1.0	1.0	1.0	1.0
1	127	2	0	22456.980	1.0	1.0	1.0	1.0	1.0	1.0	1.0
1	127	2	0	23033.629	1.0	1.0	1.0	1.0	1.0	1.0	1.0
1	127	2	0	23625.085	1.0	1.0	1.0	1.0	1.0	1.0	1.0
1	127	2	0	24231.728	1.0	1.0	1.0	1.0	1.0	1.0	1.0
1	127	2	0	24853.949	1.0	1.0	1.0	1.0	1.0	1.0	1.0
1	127	2	0	25492.147	1.0	1.0	1.0	1.0	1.0	1.0	1.0
1	127	2	0	26146.732	1.0	1.0	1.0	1.0	1.0	1.0	1.0
1	127	2	0	26818.126	1.0	1.0	1.0	1.0	1.0	1.0	1.0
1	127	2	0	27506.760	1.0	1.0	1.0	1.0	1.0	1.0	1.0
1	127	2	0	28213.077	1.0	1.0	1.0	1.0	1.0	1.0	1.0
1	127	2	0	28937.530	1.0	1.0	1.0	1.0	1.0	1.0	1.0
1	127	2	0	29680.586	1.0	1.0	1.0	1.0	1.0	1.0	1.0
1	127	2	0	30442.722	1.0	1.0	1.0	1.0	1.0	1.0	1.0
1	127	2	0	31224.428	1.0	1.0	1.0	1.0	1.0	1.0	1.0
1	127	2	0	32026.207	1.0	1.0	1.0	1.0	1.0	1.0	1.0
1	127	2	0	32848.574	1.0	1.0	1.0	1.0	1.0	1.0	1.0
1	127	2	0	33692.057	1.0	1.0	1.0	1.0	1.0	1.0	1.0
1	127	2	0	34557.199	1.0	1.0	1.0	1.0	1.0	1.0	1.0
1	127	2	0	35444.557	1.0	1.0	1.0	1.0	1.0	1.0	1.0
1	127	2	0	36354.700	1.0	1.0	1.0	1.0	1.0	1.0	1.0
1	127	2	0	37288.213	1.0	1.0	1.0	1.0	1.0	1.0	1.0
1	127	2	0	38245.697	1.0	1.0	1.0	1.0	1.0	1.0	1.0
1	127	2	0	39227.768	1.0	1.0	1.0	1.0	1.0	1.0	1.0
1	127	2	0	40235.055	1.0	1.0	1.0	1.0	1.0	1.0	1.0
1	127	2	0	41268.208	1.0	1.0	1.0	1.0	1.0	1.0	1.0
1	127	2	0	42327.891	1.0	1.0	1.0	1.0	1.0	1.0	1.0
1	127	2	0	43414.783	1.0	1.0	1.0	1.0	1.0	1.0	1.0
1	127	2	0	44529.585	1.0	1.0	1.0	1.0	1.0	1.0	1.0
1	127	2	0	45673.013	1.0	1.0	1.0	1.0	1.0	1.0	1.0
1	127	2	0	46845.801	1.0	1.0	1.0	1.0	1.0	1.0	1.0
1	127	2	0	48048.704	1.0	1.0	1.0	1.0	1.0	1.0	1.0
1	127	2	0	49282.496	1.0	1.0	1.0	1.0	1.0	1.0	1.0
1	127	2	0	50547.968	1.0	1.0	1.0	1.0	1.0	1.0	1.0
1	127	2	0	51845.935	1.0	1.0	1.0	1.0	1.0	1.0	1.0
1	127	2	0	53177.232	1.0	1.0	1.0	1.0	1.0	1.0	1.0
1	127	2	0	54542.713	1.0	1.0	1.0	1.0	1.0	1.0	1.0
1	127	2	0	55943.257	1.0	1.0	1.0	1.0	1.0	1.0	1.0
1	127	2	0	57379.764	1.0	1.0	1.0	1.0	1.0	1.0	1.0
1	127	2	0	58853.158	1.0	1.0	1.0	1.0	1.0	1.0	1.0
1	127	2	0	60364.385	1.0	1.0	1.0	1.0	1.0	1.0	1.0
1	127	2	0	61914.418	1.0	1.0	1.0	1.0	1.0	1.0	1.0
1	127	2	0	63504.252	1.0	1.0	1.0	1.0	1.0	1.0	1.0
1	127	2	0	65134.909	1.0	1.0	1.0	1.0	1.0	1.0	1.0
1	127	2	0	66807.439	1.0	1.0	1.0	1.0	1.0	1.0	1.0
1	127	2	0	68522.916	1.0	1.0	1.0	1.0	1.0	1.0	1.0
1	127	2	0	70282.443	1.0	1.0	1.0	1.0	1.0	1.0	1.0
1	127	2	0	72087.150	1.0	1.0	1.0	1.0	1.0	1.0	1.0
1	127	2	0	73938.199	1.0	1.0	1.0	1.0	1.0	1.0	1.0
1	127	2	0	75836.779	1.0	1.0	1.0	1.0	1.0	1.0	1.0
1	127	2	0	77784.111	1.0	1.0	1.0	1.0	1.0	1.0	1.0
1	127	2	0	79781.446	1.0	1.0	1.0	1.0	1.0	1.0	1.0
1	127	2	0	81830.068	1.0	1.0	1.0	1.0	1.0	1.0	1.0
1	127	2	0	83931.295	1.0	1.0	1.0	1.0	1.0	1.0	1.0
1	127	2	0	86086.477	1.0	1.0	1.0	1.0	1.0	1.0	1.0
1	127	2	0	88297.000	1.0	1.0	1.0	1.0	1.0	1.0	1.0
1	127	2	0	90564.284	1.0	1.0	1.0	1.0	1.0	1.0	1.0
1	127	2	0	92889.787	1.0	1.0	1.0	1.0	1.0	1.0	1.0
1	127	2	0	95275.005	1.0	1.0	1.0	1.0	1.0	1.0	1.0
1	127	2	0	97721.470	1.0	1.0	1.0	1.0	1.0	1.0	1.0
1	127	2	0	100230.755	1.0	1.0	1.0	1.0	1.0	1.0	1.0
1	127	2	0	102804.473	1.0	1.0	1.0	1.0	1.0	1.0	1.0
1	127	2	0	105444.279	1.0	1.0	1.0	1.0	1.0	1.0	1.0
1	127	2	0	108151.870	1.0	1.0	1.0	1.0	1.0	1.0	1.0
1	127	2	0	110928.986	1.0	1.0	1.0	1.0	1.0	1.0	1.0
1	127	2	0	113777.413	1.0	1.0	1.0	1.0	1.0	1.0	1.0
1	127	2	0	116698.982	1.0	1.0	1.0	1.0	1.0	1.0	1.0
1	127	2	0	119695.570	1.0	1.0	1.0	1.0	1.0	1.0	1.0
1	127	2	0	122769.105	1.0	1.0	1.0	1.0	1.0	1.0	1.0
1	127	2	0	125921.561	1.0	1.0	1.0	1.0	1.0	1.0	1.0
1	127	2	0	129154.967	1.0	1.0	1.0	1.0	1.0	1.0	1.0
1	127	2	0	132471.399	1.0	1.0	1.0	1.0	1.0	1.0	1.0
1	127	2	0	135872.990	1.0	1.0	1.0	1.0	1.0	1.0	1.0
1	127	2	0	139361.927	1.0	1.0	1.0	1.0	1.0	1.0	1.0
1	127	2	0	142940.453	1.0	1.0	1.0	1.0	1.0	1.0	1.0
1	127	2	0	146610.868	1.0	1.0	1.0	1.0	1.0	1.0	1.0
1	127	2	0	150375.532	1.0	1.0	1.0	1.0	1.0	1.0	1.0
1	127	2	0	154236.865	1.0	1.0	1.0	1.0	1.0	1.0	1.0
1	127	2	0	158197.348	1.0	1.0	1.0	1.0	1.0	1.0	1.0
1	127	2	0	162259.529	1.0	1.0	1.0	1.0	1.0	1.0	1.0
1	127	2	0	166426.018	1.0	1.0	1.0	1.0	1.0	1.0	1.0
1	127	2	0	170699.493	1.0	1.0	1.0	1.0	1.0	1.0	1.0
1	127	2	0	175082.703	1.0	1.0	1.0	1.0	1.0	1.0	1.0
1	127	2	0	179578.465	1.0	1.0	1.0	1.0	1.0	1.0	1.0
1	127	2	0	184189.668	1.0	1.0	1.0	1.0	1.0	1.0	1.0
1	127	2	0	188919.278	1.0	1.0	1.0	1.0	1.0	1.0	1.0
1	127	2	0	193770.334	1.0	1.0	1.0	1.0	1.0	1.0	1.0
1	127	2	0	198745.955	1.0	1.0	1.0	1.0	1.0	1.0	1.0
1	127	2	0	203849.340	1.0	1.0	1.0	1.0	1.0	1.0	1.0
1	127	2	0	209083.769	1.0	1.0	1.0	1.0	1.0	1.0	1.0
1	127	2	0	214452.608	1.0	1.0	1.0	1.0	1.0	1.0	1.0
1	127	2	0	219959.307	1.0	1.0	1.0	1.0	1.0	1.0	1.0
1	127	2	0	225607.407	1.0	1.0	1.0	1.0	1.0	1.0	1.0
1	127	2	0	231400.538	1.0	1.0	1.0	1.0	1.0	1.0	1.0
1	127	2	0	237342.425	1.0	1.0	1.0	1.0	1.0	1.0	1.0
1	127	2	0	243436.887	1.0	1.0	1.0	1.0	1.0	1.0	1.0
1	127	2	0	249687.843	1.0	1.0	1.0	1.0	1.0	1.0	1.0
1	127	2	0	256099.310	1.0	1.0	1.0	1.0	1.0	1.0	1.0
1	127	2	0	262675.410	1.0	1.0	1.0	1.0	1.0	1.0	1.0
1	127	2	0	269420.371	1.0	1.0	1.0	1.0	1.0	1.0	1.0
1	127	2	0	276338.529	1.0	1.0	1.0	1.0	1.0	1.0	1.0
1	127	2	0	283434.331	1.0	1.0	1.0	1.0	1.0	1.0	1.0
1	127	2	0	290712.338	1.0	1.0	1.0	1.0	1.0	1.0	1.0
1	127	2	0	298177.229	1.0	1.0	1.0	1.0	1.0	1.0	1.0
1	127	2	0	305833.803	1.0	1.0	1.0	1.0	1.0	1.0	1.0
1	127	2	0	313686.982	1.0	1.0	1.0	1.0	1.0	1.0	1.0
1	127	2	0	321741.815	1.0	1.0	1.0	1.0	1.0	1.0	1.0
1	127	2	0	330003.479	1.0	1.0	1.0	1.0	1.0	1.0	1.0
1	127	2	0	338477.286	1.0	1.0	1.0	1.0	1.0	1.0	1.0
1	127	2	0	347168.682	1.0	1.0	1.0	1.0	1.0	1.0	1.0
1	127	2	0	356083.255	1.0	1.0	1.0	1.0	1.0	1.0	1.0
1	127	2	0	365226.736	1.0	1.0	1.0	1.0	1.0	1.0	1.0
1	127	2	0	374605.003	1.0	1.0	1.0	1.0	1.0	1.0	1.0
1	127	2	0	384224.085	1.0	1.0	1.0	1.0	1.0	1.0	1.0
1	127	2	0	394090.164	1.0	1.0	1.0	1.0	1.0	1.0	1.0
1	127	2	0	404209.584	1.0	1.0	1.0	1.0	1.0	1.0	1.0
1	127	2	0	414588.850	1.0	1.0	1.0	1.0	1.0	1.0	1.0
1	127	2	0	425234.633	1.0	1.0	1.0	1.0	1.0	1.0	1.0
1	127	2	0	436153.779	1.0	1.0	1.0	1.0	1.0	1.0	1.0
1	127	2	0	447353.305	1.0	1.0	1.0	1.0	1.0	1.0	1.0
1	127	2	0	458840.413	1.0	1.0	1.0	1.0	1.0	1.0	1.0
1	127	2	0	470622.485	1.0	1.0	1.0	1.0	1.0	1.0	1.0
1	127	2	0	482707.097	1.0	1.0	1.0	1.0	1.0	1.0	1.0
1	127	2	0	495102.016	1.0	1.0	1.0	1.0	1.0	1.0	1.0
1	127	2	0	507815.211	1.0	1.0	1.0	1.0	1.0	1.0	1.0
1	127	2	0	520854.855	1.0	1.0	1.0	1.0	1.0	1.0	1.0
1	127	2	0	534229.330	1.0	1.0	1.0	1.0	1.0	1.0	1.0
1	127	2	0	547947.234	1.0	1.0	1.0	1.0	1.0	1.0	1.0
1	127	2	0	562017.385	1.0	1.0	1.0	1.0	1.0	1.0	1.0
1	127	2	0	576448.828	1.0	1.0	1.0	1.0	1.0	1.0	1.0
1	127	2	0	591250.841	1.0	1.0	1.0	1.0	1.0	1.0	1.0
1	127	2	0	606432.940	1.0	1.0	1.0	1.0	1.0	1.0	1.0
1	127	2	0	622004.883	1.0	1.0	1.0	1.0	1.0	1.0	1.0
1	127	2	0	637976.681	1.0	1.0	1.0	1.0	1.0	1.0	1.0
1	127	2	0	654358.602	1.0	1.0	1.0	1.0	1.0	1.0	1.0
1	127	2	0	671161.177	1.0	1.0	1.0	1.0	1.0	1.0	1.0
1	127	2	0	688395.207	1.0	1.0	1.0	1.0	1.0	1.0	1.0
1	127	2	0	706071.771	1.0	1.0	1.0	1.0	1.0	1.0	1.0
1	127	2	0	724202.233	1.0	1.0	1.0	1.0	1.0	1.0	1.0
1	127	2	0	742798.248	1.0	1.0	1.0	1.0	1.0	1.0	1.0
1	127	2	0	761871.770	1.0	1.0	1.0	1.0	1.0	1.0	1.0
1	127	2	0	781435.061	1.0	1.0	1.0	1.0	1.0	1.0	1.0
1	127	2	0	801500.696	1.0	1.0	1.0	1.0	1.0	1.0	1.0
1	127	2	0	822081.576	1.0	1.0	1.0	1.0	1.0	1.0	1.0
1	127	2	0	843190.929	1.0	1.0	1.0	1.0	1.0	1.0	1.0
1	127	2	0	864842.328	1.0	1.0	1.0	1.0	1.0	1.0	1.0
1	127	2	0	887049.689	1.0	1.0	1.0	1.0	1.0	1.0	1.0
1	127	2	0	909827.289	1.0	1.0	1.0	1.0	1.0	1.0	1.0
1	127	2	0	933189.772	1.0	1.0	1.0	1.0	1.0	1.0	1.0
1	127	2	0	957152.154	1.0	1.0	1.0	1.0	1.0	1.0	1.0
1	127	2	0	981729.841	1.0	1.0	1.0	1.0	1.0	1.0	1.0
1	127	2	0	1006938.631	1.0	1.0	1.0	1.0	1.0	1.0	1.0
1	127	2	0	1032794.732	1.0	1.0	1.0	1.0	1.0	1.0	1.0
1	127	2	0	1059314.764	1.0	1.0	1.0	1.0	1.0	1.0	1.0
1	127	2	0	1086515.775	1.0	1.0	1.0	1.0	1.0	1.0	1.0
1	127	2	0	1114415.251	1.0	1.0	1.0	1.0	1.0	1.0	1.0
1	127	2	0	1143031.129	1.0	1.0	1.0	1.0	1.0	1.0	1.0
1	127	2	0	1172381.803	1.0	1.0	1.0	1.0	1.0	1.0	1.0
1	127	2	0	1202486.142	1.0	1.0	1.0	1.0	1.0	1.0	1.0
1	127	2	0	1233363.498	1.0	1.0	1.0	1.0	1.0	1.0	1.0
1	127	2	0	1265033.720	1.0	1.0	1.0	1.0	1.0	1.0	1.0
1	127	2	0	1297517.169	1.0	1.0	1.0	1.0	1.0	1.0	1.0
1	127	2	0	1330834.725	1.0	1.0	1.0	1.0	1.0	1.0	1.0
1	127	2	0	1365007.807	1.0	1.0	1.0	1.0	1.0	1.0	1.0
1	127	2	0	1400058.382	1.0	1.0	1.0	1.0	1.0	1.0	1.0
1	127	2	0	1436008.985	1.0	1.0	1.0	1.0	1.0	1.0	1.0
1	127	2	0	1472882.724	1.0	1.0	1.0	1.0	1.0	1.0	1.0
1	127	2	0	1510703.304	1.0	1.0	1.0	1.0	1.0	1.0	1.0
1	127	2	0	1549495.039	1.0	1.0	1.0	1.0	1.0	1.0	1.0
1	127	2	0	1589282.866	1.0	1.0	1.0	1.0	1.0	1.0	1.0
1	127	2	0	1630092.361	1.0	1.0	1.0	1.0	1.0	1.0	1.0
1	127	2	0	1671949.760	1.0	1.0	1.0	1.0	1.0	1.0	1.0
1	127	2	0	1714881.970	1.0	1.0	1.0	1.0	1.0	1.0	1.0
1	127	2	0	1758916.590	1.0	1.0	1.0	1.0	1.0	1.0	1.0
1	127	2	0	1804081.929	1.0	1.0	1.0	1.0	1.0	1.0	1.0
1	127	2	0	1850407.020	1.0	1.0	1.0	1.0	1.0	1.0	1.0
1	127	2	0	1897921.643	1.0	1.0	1.0	1.0	1.0	1.0	1.0
1	127	2	0	1946656.343	1.0	1.0	1.0	1.0	1.0	1.0	1.0
1	127	2	0	1996642.450	1.0	1.0	1.0	1.0	1.0	1.0	1.0
1	127	2	0	2047912.097	1.0	1.0	1.0	1.0	1.0	1.0	1.0
1	127	2	0	2100498.242	1.0	1.0	1.0	1.0	1.0	1.0	1.0
1	127	2	0	2154434.690	1.0	1.0	1.0	1.0	1.0	1.0	1.0
1	127	2	0	2209756.115	1.0	1.0	1.0	1.0	1.0	1.0	1.0
1	127	2	0	2266498.079	1.0	1.0	1.0	1.0	1.0	1.0	1.0
1	127	2	0	2324697.060	1.0	1.0	1.0	1.0	1.0	1.0	1.0
1	127	2	0	2384390.470	1.0	1.0	1.0	1.0	1.0	1.0	1.0
1	127	2	0	2445616.683	1.0	1.0	1.0	1.0	1.0	1.0	1.0
1	127	2	0	2508415.059	1.0	1.0	1.0	1.0	1.0	1.0	1.0
1	127	2	0	2572825.967	1.0	1.0	1.0	1.0	1.0	1.0	1.0
1	127	2	0	2638890.814	1.0	1.0	1.0	1.0	1.0	1.0	1.0
1	127	2	0	2706652.070	1.0	1.0	1.0	1.0	1.0	1.0	1.0
1	127	2	0	2776153.294	1.0	1.0	1.0	1.0	1.0	1.0	1.0
1	127	2	0	2847439.166	1.0	1.0	1.0	1.0	1.0	1.0	1.0
1	127	2	0	2920555.512	1.0	1.0	1.0	1.0	1.0	1.0	1.0
1	127	2	0	2995549.334	1.0	1.0	1.0	1.0	1.0	1.0	1.0
1	127	2	0	3072468.843	1.0	1.0	1.0	1.0	1.0	1.0	1.0
1	127	2	0	3151363.485	1.0	1.0	1.0	1.0	1.0	1.0	1.0
1	127	2	0	3232283.978	1.0	1.0	1.0	1.0	1.0	1.0	1.0
1	127	2	0	3315282.342	1.0	1.0	1.0	1.0	1.0	1.0	1.0
1	127	2	0	3400411.933	1.0	1.0	1.0	1.0	1.0	1.0	1.0
1	127	2	0	3487727.475	1.0	1.0	1.0	1.0	1.0	1.0	1.0
1	127	2	0	3577285.099	1.0	1.0	1.0	1.0	1.0	1.0	1.0
1	127	2	0	3669142.378	1.0	1.0	1.0	1.0	1.0	1.0	1.0
1	127	2	0	3763358.362	1.0	1.0	1.0	1.0	1.0	1.0	1.0
1	127	2	0	3859993.618	1.0	1.0	1.0	1.0	1.0	1.0	1.0
1	127	2	0	3959110.266	1.0	1.0	1.0	1.0	1.0	1.0	1.0
1	127	2	0	4060772.026	1.0	1.0	1.0	1.0	1.0	1.0	1.0
1	127	2	0	4165044.249	1.0	1.0	1.0	1.0	1.0	1.0	1.0
1	127	2	0	4271993.966	1.0	1.0	1.0	1.0	1.0	1.0	1.0
1	127	2	0	4381689.932	1.0	1.0	1.0	1.0	1.0	1.0	1.0
1	127	2	0	4494202.662	1.0	1.0	1.0	1.0	1.0	1.0	1.0
1	127	2	0	4609604.487	1.0	1.0	1.0	1.0	1.0	1.0	1.0
1	127	2	0	4727969.592	1.0	1.0	1.0	1.0	1.0	1.0	1.0
1	127	2	0	4849374.067	1.0	1.0	1.0	1.0	1.0	1.0	1.0
1	127	2	0	4973895.959	1.0	1.0	1.0	1.0	1.0	1.0	1.0
1	127	2	0	5101615.315	1.0	1.0	1.0	1.0	1.0	1.0	1.0
1	127	2	0	5232614.239	1.0	1.0	1.0	1.0	1.0	1.0	1.0
1	127	2	0	5366976.946	1.0	1.0	1.0	1.0	1.0	1.0	1.0
1	127	2	0	5504789.808	1.0	1.0	1.0	1.0	1.0	1.0	1.0
1	127	2	0	5646141.419	1.0	1.0	1.0	1.0	1.0	1.0	1.0
1	127	2	0	5791122.648	1.0	1.0	1.0	1.0	1.0	1.0	1.0
1	127	2	0	5939826.694	1.0	1.0	1.0	1.0	1.0	1.0	1.0
1	127	2	0	6092349.152	1.0	1.0	1.0	1.0	1.0	1.0	1.0
1	127	2	0	6248788.072	1.0	1.0	1.0	1.0	1.0	1.0	1.0
1	127	2	0	6409244.019	1.0	1.0	1.0	1.0	1.0	1.0	1.0
1	127	2	0	6573820.143	1.0	1.0	1.0	1.0	1.0	1.0	1.0
1	127	2	0	6742622.242	1.0	1.0	1.0	1.0	1.0	1.0	1.0
1	127	2	0	6915758.829	1.0	1.0	1.0	1.0	1.0	1.0	1.0
1	127	2	0	7093341.205	1.0	1.0	1.0	1.0	1.0	1.0	1.0
1	127	2	0	7275483.529	1.0	1.0	1.0	1.0	1.0	1.0	1.0
1	127	2	0	7462302.891	1.0	1.0	1.0	1.0	1.0	1.0	1.0
1	127	2	0	7653919.388	1.0	1.0	1.0	1.0	1.0	1.0	1.0
1	127	2	0	7850456.200	1.0	1.0	1.0	1.0	1.0	1.0	1.0
1	127	2	0	8052039.671	1.0	1.0	1.0	1.0	1.0	1.0	1.0
1	127	2	0	8258799.388	1.0	1.0	1.0	1.0	1.0	1.0	1.0
1	127	2	0	8470868.267	1.0	1.0	1.0	1.0	1.0	1.0	1.0
1	127	2	0	8688382.635	1.0	1.0	1.0	1.0	1.0	1.0	1.0
1	127	2	0	8911482.323	1.0	1.0	1.0	1.0	1.0	1.0	1.0
1	127	2	0	9140310.749	1.0	1.0	1.0	1.0	1.0	1.0	1.0
1	127	2	0	9375015.015	1.0	1.0	1.0	1.0	1.0	1.0	1.0
1	127	2	0	9615746.001	1.0	1.0	1.0	1.0	1.0	1.0	1.0
1	127	2	0	9862658.461	1.0	1.0	1.0	1.0	1.0	1.0	1.0
1	127	2	0	10115911.122	1.0	1.0	1.0	1.0	1.0	1.0	1.0
1	127	2	0	10375666.787	1.0	1.0	1.0	1.0	1.0	1.0	1.0
1	127	2	0	10642092.441	1.0	1.0	1.0	1.0	1.0	1.0	1.0
1	127	2	0	10915359.353	1.0	1.0	1.0	1.0	1.0	1.0	1.0
1	127	2	0	11195643.195	1.0	1.0	1.0	1.0	1.0	1.0	1.0
1	127	2	0	11483124.145	1.0	1.0	1.0	1.0	1.0	1.0	1.0
1	127	2	0	11777987.012	1.0	1.0	1.0	1.0	1.0	1.0	1.0
1	127	2	0	12080421.347	1.0	1.0	1.0	1.0	1.0	1.0	1.0
1	127	2	0	12390621.569	1.0	1.0	1.0	1.0	1.0	1.0	1.0
1	127	2	0	12708787.092	1.0	1.0	1.0	1.0	1.0	1.0	1.0
1	127	2	0	13035122.447	1.0	1.0	1.0	1.0	1.0	1.0	1.0
1	127	2	0	13369837.418	1.0	1.0	1.0	1.0	1.0	1.0	1.0
1	127	2	0	13713147.178	1.0	1.0	1.0	1.0	1.0	1.0	1.0
1	127	2	0	14065272.421	1.0	1.0	1.0	1.0	1.0	1.0	1.0
1	127	2	0	14426439.512	1.0	1.0	1.0	1.0	1.0	1.0	1.0
1	127	2	0	14796880.627	1.0	1.0	1.0	1.0	1.0	1.0	1.0
1	127	2	0	15176833.903	1.0	1.0	1.0	1.0	1.0	1.0	1.0
1	127	2	0	15566543.593	1.0	1.0	1.0	1.0	1.0	1.0	1.0
1	127	2	0	15966260.221	1.0	1.0	1.0	1.0	1.0	1.0	1.0
1	127	2	0	16376240.745	1.0	1.0	1.0	1.0	1.0	1.0	1.0
1	127	2	0	16796748.721	1.0	1.0	1.0	1.0	1.0	1.0	1.0
1	127	2	0	17228054.471	1.0	1.0	1.0	1.0	1.0	1.0	1.0
1	127	2	0	17670435.261	1.0	1.0	1.0	1.0	1.0	1.0	1.0
1	127	2	0	18124175.474	1.0	1.0	1.0	1.0	1.0	1.0	1.0
1	127	2	0	18589566.796	1.0	1.0	1.0	1.0	1.0	1.0	1.0
1	127	2	0	19066908.405	1.0	1.0	1.0	1.0	1.0	1.0	1.0
1	127	2	0	19556507.159	1.0	1.0	1.0	1.0	1.0	1.0	1.0
1	127	2	0	20058677.795	1.0	1.0	1.0	1.0	1.0	1.0	1.0
1	127	2	0	20573743.134	1.0	1.0	1.0	1.0	1.0	1.0	1.0
1	127	2	0	21102034.286	1.0	1.0	1.0	1.0	1.0	1.0	1.0
1	127	2	0	21643890.861	1.0	1.0	1.0	1.0	1.0	1.0	1.0
1	127	2	0	22199661.191	1.0	1.0	1.0	1.0	1.0	1.0	1.0
1	127	2	0	22769702.554	1.0	1.0	1.0	1.0	1.0	1.0	1.0
1	127	2	0	23354381.399	1.0	1.0	1.0	1.0	1.0	1.0	1.0
1	127	2	0	23954073.587	1.0	1.0	1.0	1.0	1.0	1.0	1.0
1	127	2	0	24569164.630	1.0	1.0	1.0	1.0	1.0	1.0	1.0
1	127	2	0	25200049.938	1.0	1.0	1.0	1.0	1.0	1.0	1.0
1	127	2	0	25847135.075	1.0	1.0	1.0	1.0	1.0	1.0	1.0
1	127	2	0	26510836.019	1.0	1.0	1.0	1.0	1.0	1.0	1.0
1	127	2	0	27191579.430	1.0	1.0	1.0	1.0	1.0	1.0	1.0
1	127	2	0	27889802.924	1.0	1.0	1.0	1.0	1.0	1.0	1.0
1	127	2	0	28605955.352	1.0	1.0	1.0	1.0	1.0	1.0	1.0
1	127	2	0	29340497.092	1.0	1.0	1.0	1.0	1.0	1.0	1.0
1	127	2	0	30093900.344	1.0	1.0	1.0	1.0	1.0	1.0	1.0
1	127	2	0	30866649.433	1.0	1.0	1.0	1.0	1.0	1.0	1.0
1	127	2	0	31659241.120	1.0	1.0	1.0	1.0	1.0	1.0	1.0
1	127	2	0	32472184.921	1.0	1.0	1.0	1.0	1.0	1.0	1.0
1	127	2	0	33306003.436	1.0	1.0	1.0	1.0	1.0	1.0	1.0
1	127	2	0	34161232.686	1.0	1.0	1.0	1.0	1.0	1.0	1.0
1	127	2	0	35038422.453	1.0	1.0	1.0	1.0	1.0	1.0	1.0
1	127	2	0	35938136.638	1.0	1.0	1.0	1.0	1.0	1.0	1.0
1	127	2	0	36860953.622	1.0	1.0	1.0	1.0	1.0	1.0	1.0
1	127	2	0	37807466.636	1.0	1.0	1.0	1.0	1.0	1.0	1.0
1	127	2	0	38778284.146	1.0	1.0	1.0	1.0	1.0	1.0	1.0
1	127	2	0	39774030.241	1.0	1.0	1.0	1.0	1.0	1.0	1.0
1	127	2	0	40795345.035	1.0	1.0	1.0	1.0	1.0	1.0	1.0
1	127	2	0	41842885.079	1.0	1.0	1.0	1.0	1.0	1.0	1.0
1	127	2	0	42917323.784	1.0	1.0	1.0	1.0	1.0	1.0	1.0
1	127	2	0	44019351.852	1.0	1.0	1.0	1.0	1.0	1.0	1.0
1	127	2	0	45149677.720	1.0	1.0	1.0	1.0	1.0	1.0	1.0
1	127	2	0	46309028.018	1.0	1.0	1.0	1.0	1.0	1.0	1.0
1	127	2	0	47498148.032	1.0	1.0	1.0	1.0	1.0	1.0	1.0
1	127	2	0	48717802.188	1.0	1.0	1.0	1.0	1.0	1.0	1.0
1	127	2	0	49968774.539	1.0	1.0	1.0	1.0	1.0	1.0	1.0
1	127	2	0	51251869.271	1.0	1.0	1.0	1.0	1.0	1.0	1.0
1	127	2	0	52567911.220	1.0	1.0	1.0	1.0	1.0	1.0	1.0
1	127	2	0	53917746.404	1.0	1.0	1.0	1.0	1.0	1.0	1.0
1	127	2	0	55302242.562	1.0	1.0	1.0	1.0	1.0	1.0	1.0
1	127	2	0	56722289.716	1.0	1.0	1.0	1.0	1.0	1.0	1.0
1	127	2	0	58178800.743	1.0	1.0	1.0	1.0	1.0	1.0	1.0
1	127	2	0	59672711.960	1.0	1.0	1.0	1.0	1.0	1.0	1.0
1	127	2	0	61204983.725	1.0	1.0	1.0	1.0	1.0	1.0	1.0
1	127	2	0	62776601.058	1.0	1.0	1.0	1.0	1.0	1.0	1.0
1	127	2	0	64388574.272	1.0	1.0	1.0	1.0	1.0	1.0	1.0
1	127	2	0	66041939.623	1.0	1.0	1.0	1.0	1.0	1.0	1.0
1	127	2	0	67737759.975	1.0	1.0	1.0	1.0	1.0	1.0	1.0
1	127	2	0	69477125.485	1.0	1.0	1.0	1.0	1.0	1.0	1.0
1	127	2	0	71261154.301	1.0	1.0	1.0	1.0	1.0	1.0	1.0
1	127	2	0	73090993.286	1.0	1.0	1.0	1.0	1.0	1.0	1.0
1	127	2	0	74967818.750	1.0	1.0	1.0	1.0	1.0	1.0	1.0
1	127	2	0	76892837.208	1.0	1.0	1.0	1.0	1.0	1.0	1.0
1	127	2	0	78867286.156	1.0	1.0	1.0	1.0	1.0	1.0	1.0
1	127	2	0	80892434.868	1.0	1.0	1.0	1.0	1.0	1.0	1.0
1	127	2	0	82969585.208	1.0	1.0	1.0	1.0	1.0	1.0	1.0
1	127	2	0	85100072.471	1.0	1.0	1.0	1.0	1.0	1.0	1.0
1	127	2	0	87285266.238	1.0	1.0	1.0	1.0	1.0	1.0	1.0
1	127	2	0	89526571.260	1.0	1.0	1.0	1.0	1.0	1.0	1.0
1	127	2	0	91825428.357	1.0	1.0	1.0	1.0	1.0	1.0	1.0
1	127	2	0	94183315.346	1.0	1.0	1.0	1.0	1.0	1.0	1.0
1	127	2	0	96601747.995	1.0	1.0	1.0	1.0	1.0	1.0	1.0
1	127	2	0	99082280.990	1.0	1.0	1.0	1.0	1.0	1.0	1.0
1	127	2	0	101626508.939	1.0	1.0	1.0	1.0	1.0	1.0	1.0
1	127	2	0	104236067.398	1.0	1.0	1.0	1.0	1.0	1.0	1.0
1	127	2	0	106912633.917	1.0	1.0	1.0	1.0	1.0	1.0	1.0
1	127	2	0	109657929.127	1.0	1.0	1.0	1.0	1.0	1.0	1.0
1	127	2	0	112473717.836	1.0	1.0	1.0	1.0	1.0	1.0	1.0
1	127	2	0	115361810.174	1.0	1.0	1.0	1.0	1.0	1.0	1.0
1	127	2	0	118324062.746	1.0	1.0	1.0	1.0	1.0	1.0	1.0
1	127	2	0	121362379.834	1.0	1.0	1.0	1.0	1.0	1.0	1.0
1	127	2	0	124478714.619	1.0	1.0	1.0	1.0	1.0	1.0	1.0
1	127	2	0	127675070.432	1.0	1.0	1.0	1.0	1.0	1.0	1.0
1	127	2	0	130953502.048	1.0	1.0	1.0	1.0	1.0	1.0	1.0
1	127	2	0	134316117.005	1.0	1.0	1.0	1.0	1.0	1.0	1.0
1	127	2	0	137765076.955	1.0	1.0	1.0	1.0	1.0	1.0	1.0
1	127	2	0	141302599.060	1.0	1.0	1.0	1.0	1.0	1.0	1.0
1	127	2	0	144930957.413	1.0	1.0	1.0	1.0	1.0	1.0	1.0
1	127	2	0	148652484.500	1.0	1.0	1.0	1.0	1.0	1.0	1.0
1	127	2	0	152469572.702	1.0	1.0	1.0	1.0	1.0	1.0	1.0
1	127	2	0	156384675.830	1.0	1.0	1.0	1.0	1.0	1.0	1.0
1	127	2	0	160400310.706	1.0	1.0	1.0	1.0	1.0	1.0	1.0
1	127	2	0	164519058.775	1.0	1.0	1.0	1.0	1.0	1.0	1.0
1	127	2	0	168743567.773	1.0	1.0	1.0	1.0	1.0	1.0	1.0
1	127	2	0	173076553.420	1.0	1.0	1.0	1.0	1.0	1.0	1.0
1	127	2	0	177520801.172	1.0	1.0	1.0	1.0	1.0	1.0	1.0
1	127	2	0	182079168.010	1.0	1.0	1.0	1.0	1.0	1.0	1.0
1	127	2	0	186754584.276	1.0	1.0	1.0	1.0	1.0	1.0	1.0
1	127	2	0	191550055.557	1.0	1.0	1.0	1.0	1.0	1.0	1.0
1	127	2	0	196468664.618	1.0	1.0	1.0	1.0	1.0	1.0	1.0
1	127	2	0	201513573.382	1.0	1.0	1.0	1.0	1.0	1.0	1.0
1	127	2	0	206688024.963	1.0	1.0	1.0	1.0	1.0	1.0	1.0
1	127	2	0	211995345.754	1.0	1.0	1.0	1.0	1.0	1.0	1.0
1	127	2	0	217438947.560	1.0	1.0	1.0	1.0	1.0	1.0	1.0
1	127	2	0	223022329.797	1.0	1.0	1.0	1.0	1.0	1.0	1.0
1	127	2	0	228749081.736	1.0	1.0	1.0	1.0	1.0	1.0	1.0
1	127	2	0	234622884.814	1.0	1.0	1.0	1.0	1.0	1.0	1.0
1	127	2	0	240647515.002	1.0	1.0	1.0	1.0	1.0	1.0	1.0
1	127	2	0	246826845.226	1.0	1.0	1.0	1.0	1.0	1.0	1.0
1	127	2	0	253164847.863	1.0	1.0	1.0	1.0	1.0	1.0	1.0
1	127	2	0	259665597.293	1.0	1.0	1.0	1.0	1.0	1.0	1.0
1	127	2	0	266333272.517	1.0	1.0	1.0	1.0	1.0	1.0	1.0
1	127	2	0	273172159.844	1.0	1.0	1.0	1.0	1.0	1.0	1.0
1	127	2	0	280186655.646	1.0	1.0	1.0	1.0	1.0	1.0	1.0
1	127	2	0	287381269.185	1.0	1.0	1.0	1.0	1.0	1.0	1.0
1	127	2	0	294760625.512	1.0	1.0	1.0	1.0	1.0	1.0	1.0
1	127	2	0	302329468.441	1.0	1.0	1.0	1.0	1.0	1.0	1.0
1	127	2	0	310092663.593	1.0	1.0	1.0	1.0	1.0	1.0	1.0
1	127	2	0	318055201.533	1.0	1.0	1.0	1.0	1.0	1.0	1.0
1	127	2	0	326222200.971	1.0	1.0	1.0	1.0	1.0	1.0	1.0
1	127	2	0	334598912.055	1.0	1.0	1.0	1.0	1.0	1.0	1.0
1	127	2	0	343190719.746	1.0	1.0	1.0	1.0	1.0	1.0	1.0
1	127	2	0	352003147.280	1.0	1.0	1.0	1.0	1.0	1.0	1.0
1	127	2	0	361041859.717	1.0	1.0	1.0	1.0	1.0	1.0	1.0
1	127	2	0	370312667.587	1.0	1.0	1.0	1.0	1.0	1.0	1.0
1	127	2	0	379821530.619	1.0	1.0	1.0	1.0	1.0	1.0	1.0
1	127	2	0	389574561.578	1.0	1.0	1.0	1.0	1.0	1.0	1.0
1	127	2	0	399578030.190	1.0	1.0	1.0	1.0	1.0	1.0	1.0
1	127	2	0	409838367.176	1.0	1.0	1.0	1.0	1.0	1.0	1.0
1	127	2	0	420362168.384	1.0	1.0	1.0	1.0	1.0	1.0	1.0
1	127	2	0	431156199.032	1.0	1.0	1.0	1.0	1.0	1.0	1.0
1	127	2	0	442227398.051	1.0	1.0	1.0	1.0	1.0	1.0	1.0
1	127	2	0	453582882.551	1.0	1.0	1.0	1.0	1.0	1.0	1.0
1	127	2	0	465229952.396	1.0	1.0	1.0	1.0	1.0	1.0	1.0
1	127	2	0	477176094.894	1.0	1.0	1.0	1.0	1.0	1.0	1.0
1	127	2	0	489428989.611	1.0	1.0	1.0	1.0	1.0	1.0	1.0
1	127	2	0	501996513.311	1.0	1.0	1.0	1.0	1.0	1.0	1.0
1	127	2	0	514886745.014	1.0	1.0	1.0	1.0	1.0	1.0	1.0
1	127	2	0	528107971.193	1.0	1.0	1.0	1.0	1.0	1.0	1.0
1	127	2	0	541668691.103	1.0	1.0	1.0	1.0	1.0	1.0	1.0
1	127	2	0	555577622.240	1.0	1.0	1.0	1.0	1.0	1.0	1.0
1	127	2	0	569843705.947	1.0	1.0	1.0	1.0	1.0	1.0	1.0
1	127	2	0	584476113.163	1.0	1.0	1.0	1.0	1.0	1.0	1.0
1	127	2	0	599484250.319	1.0	1.0	1.0	1.0	1.0	1.0	1.0
1	127	2	0	614877765.381	1.0	1.0	1.0	1.0	1.0	1.0	1.0
1	127	2	0	630666554.057	1.0	1.0	1.0	1.0	1.0	1.0	1.0
1	127	2	0	646860766.155	1.0	1.0	1.0	1.0	1.0	1.0	1.0
1	127	2	0	663470812.109	1.0	1.0	1.0	1.0	1.0	1.0	1.0
1	127	2	0	680507369.674	1.0	1.0	1.0	1.0	1.0	1.0	1.0
1	127	2	0	697981390.783	1.0	1.0	1.0	1.0	1.0	1.0	1.0
1	127	2	0	715904108.596	1.0	1.0	1.0	1.0	1.0	1.0	1.0
1	127	2	0	734287044.717	1.0	1.0	1.0	1.0	1.0	1.0	1.0
1	127	2	0	753142016.597	1.0	1.0	1.0	1.0	1.0	1.0	1.0
1	127	2	0	772481145.140	1.0	1.0	1.0	1.0	1.0	1.0	1.0
1	127	2	0	792316862.487	1.0	1.0	1.0	1.0	1.0	1.0	1.0
1	127	2	0	812661920.009	1.0	1.0	1.0	1.0	1.0	1.0	1.0
1	127	2	0	833529396.510	1.0	1.0	1.0	1.0	1.0	1.0	1.0
1	127	2	0	854932706.627	1.0	1.0	1.0	1.0	1.0	1.0	1.0
1	127	2	0	876885609.459	1.0	1.0	1.0	1.0	1.0	1.0	1.0
1	127	2	0	899402217.409	1.0	1.0	1.0	1.0	1.0	1.0	1.0
1	127	2	0	922497005.259	1.0	1.0	1.0	1.0	1.0	1.0	1.0
1	127	2	0	946184819.472	1.0	1.0	1.0	1.0	1.0	1.0	1.0
1	127	2	0	970480887.738	1.0	1.0	1.0	1.0	1.0	1.0	1.0
1	127	2	0	995400828.762	1.0	1.0	1.0	1.0	1.0	1.0	1.0
1	127	2	0	1020960662.306	1.0	1.0	1.0	1.0	1.0	1.0	1.0
1	127	2	0	1047176819.486	1.0	1.0	1.0	1.0	1.0	1.0	1.0
1	127	2	0	1074066153.333	1.0	1.0	1.0	1.0	1.0	1.0	1.0
1	127	2	0	1101645949.634	1.0	1.0	1.0	1.0	1.0	1.0	1.0
1	127	2	0	1129933938.033	1.0	1.0	1.0	1.0	1.0	1.0	1.0
1	127	2	0	1158948303.440	1.0	1.0	1.0	1.0	1.0	1.0	1.0
1	127	2	0	1188707697.712	1.0	1.0	1.0	1.0	1.0	1.0	1.0
1	127	2	0	1219231251.649	1.0	1.0	1.0	1.0	1.0	1.0	1.0
1	127	2	0	1250538587.290	1.0	1.0	1.0	1.0	1.0	1.0	1.0
1	127	2	0	1282649830.528	1.0	1.0	1.0	1.0	1.0	1.0	1.0
1	127	2	0	1315585624.046	1.0	1.0	1.0	1.0	1.0	1.0	1.0
1	127	2	0	1349367140.588	1.0	1.0	1.0	1.0	1.0	1.0	1.0
1	127	2	0	1384016096.573	1.0	1.0	1.0	1.0	1.0	1.0	1.0
1	127	2	0	1419554766.050	1.0	1.0	1.0	1.0	1.0	1.0	1.0
1	127	2	0	1456005995.021	1.0	1.0	1.0	1.0	1.0	1.0	1.0
1	127	2	0	1493393216.124	1.0	1.0	1.0	1.0	1.0	1.0	1.0
1	127	2	0	1531740463.702	1.0	1.0	1.0	1.0	1.0	1.0	1.0
1	127	2	0	1571072389.247	1.0	1.0	1.0	1.0	1.0	1.0	1.0
1	127	2	0	1611414277.253	1.0	1.0	1.0	1.0	1.0	1.0	1.0
1	127	2	0	1652792061.465	1.0	1.0	1.0	1.0	1.0	1.0	1.0
1	127	2	0	1695232341.554	1.0	1.0	1.0	1.0	1.0	1.0	1.0
1	127	2	0	1738762400.216	1.0	1.0	1.0	1.0	1.0	1.0	1.0
1	127	2	0	1783410220.710	1.0	1.0	1.0	1.0	1.0	1.0	1.0
1	127	2	0	1829204504.846	1.0	1.0	1.0	1.0	1.0	1.0	1.0
1	127	2	0	1876174691.439	1.0	1.0	1.0	1.0	1.0	1.0	1.0
1	127	2	0	1924350975.230	1.0	1.0	1.0	1.0	1.0	1.0	1.0
1	127	2	0	1973764326.300	1.0	1.0	1.0	1.0	1.0	1.0	1.0
1	127	2	0	2024446509.977	1.0	1.0	1.0	1.0	1.0	1.0	1.0
1	127	2	0	2076430107.256	1.0	1.0	1.0	1.0	1.0	1.0	1.0
1	127	2	0	2129748535.746	1.0	1.0	1.0	1.0	1.0	1.0	1.0
1	127	2	0	2184436071.149	1.0	1.0	1.0	1.0	1.0	1.0	1.0
1	127	2	0	2240527869.300	1.0	1.0	1.0	1.0	1.0	1.0	1.0
1	127	2	0	2298059988.759	1.0	1.0	1.0	1.0	1.0	1.0	1.0
1	127	2	0	2357069413.997	1.0	1.0	1.0	1.0	1.0	1.0	1.0
1	127	2	0	2417594079.169	1.0	1.0	1.0	1.0	1.0	1.0	1.0
1	127	2	0	2479672892.502	1.0	1.0	1.0	1.0	1.0	1.0	1.0
1	127	2	0	2543345761.305	1.0	1.0	1.0	1.0	1.0	1.0	1.0
1	127	2	0	2608653617.623	1.0	1.0	1.0	1.0	1.0	1.0	1.0
1	127	2	0	2675638444.552	1.0	1.0	1.0	1.0	1.0	1.0	1.0
1	127	2	0	2744343303.228	1.0	1.0	1.0	1.0	1.0	1.0	1.0
1	127	2	0	2814812360.508	1.0	1.0	1.0	1.0	1.0	1.0	1.0
1	127	2	0	2887090917.359	1.0	1.0	1.0	1.0	1.0	1.0	1.0
1	127	2	0	2961225437.988	1.0	1.0	1.0	1.0	1.0	1.0	1.0
1	127	2	0	3037263579.703	1.0	1.0	1.0	1.0	1.0	1.0	1.0
1	127	2	0	3115254223.555	1.0	1.0	1.0	1.0	1.0	1.0	1.0
1	127	2	0	3195247505.759	1.0	1.0	1.0	1.0	1.0	1.0	1.0
1	127	2	0	3277294849.923	1.0	1.0	1.0	1.0	1.0	1.0	1.0
1	127	2	0	3361449000.109	1.0	1.0	1.0	1.0	1.0	1.0	1.0
1	127	2	0	3447764054.734	1.0	1.0	1.0	1.0	1.0	1.0	1.0
1	127	2	0	3536295501.355	1.0	1.0	1.0	1.0	1.0	1.0	1.0
1	127	2	0	3627100252.331	1.0	1.0	1.0	1.0	1.0	1.0	1.0
1	127	2	0	3720236681.413	1.0	1.0	1.0	1.0	1.0	1.0	1.0
1	127	2	0	3815764661.271	1.0	1.0	1.0	1.0	1.0	1.0	1.0
1	127	2	0	3913745601.980	1.0	1.0	1.0	1.0	1.0	1.0	1.0
1	127	2	0	4014242490.499	1.0	1.0	1.0	1.0	1.0	1.0	1.0
1	127	2	0	4117319931.162	1.0	1.0	1.0	1.0	1.0	1.0	1.0
1	127	2	0	4223044187.207	1.0	1.0	1.0	1.0	1.0	1.0	1.0
1	127	2	0	4331483223.376	1.0	1.0	1.0	1.0	1.0	1.0	1.0
1	127	2	0	4442706749.607	1.0	1.0	1.0	1.0	1.0	1.0	1.0
1	127	2	0	4556786265.841	1.0	1.0	1.0	1.0	1.0	1.0	1.0
1	127	2	0	4673795107.992	1.0	1.0	1.0	1.0	1.0	1.0	1.0
1	127	2	0	4793808495.089	1.0	1.0	1.0	1.0	1.0	1.0	1.0
1	127	2	0	4916903577.628	1.0	1.0	1.0	1.0	1.0	1.0	1.0
1	127	2	0	5043159487.171	1.0	1.0	1.0	1.0	1.0	1.0	1.0
1	127	2	0	5172657387.216	1.0	1.0	1.0	1.0	1.0	1.0	1.0
1	127	2	0	5305480525.370	1.0	1.0	1.0	1.0	1.0	1.0	1.0
1	127	2	0	5441714286.866	1.0	1.0	1.0	1.0	1.0	1.0	1.0
1	127	2	0	5581446249.455	1.0	1.0	1.0	1.0	1.0	1.0	1.0
1	127	2	0	5724766239.702	1.0	1.0	1.0	1.0	1.0	1.0	1.0
1	127	2	0	5871766390.733	1.0	1.0	1.0	1.0	1.0	1.0	1.0
1	127	2	0	6022541201.462	1.0	1.0	1.0	1.0	1.0	1.0	1.0
1	127	2	0	6177187597.338	1.0	1.0	1.0	1.0	1.0	1.0	1.0
1	127	2	0	6335804992.658	1.0	1.0	1.0	1.0	1.0	1.0	1.0
1	127	2	0	6498495354.470	1.0	1.0	1.0	1.0	1.0	1.0	1.0
1	127	2	0	6665363268.125	1.0	1.0	1.0	1.0	1.0	1.0	1.0
1	127	2	0	6836516004.510	1.0	1.0	1.0	1.0	1.0	1.0	1.0
1	127	2	0	7012063589.007	1.0	1.0	1.0	1.0	1.0	1.0	1.0
1	127	2	0	7192118872.221	1.0	1.0	1.0	1.0	1.0	1.0	1.0
1	127	2	0	7376797602.528	1.0	1.0	1.0	1.0	1.0	1.0	1.0
1	127	2	0	7566218500.481	1.0	1.0	1.0	1.0	1.0	1.0	1.0
1	127	2	0	7760503335.134	1.0	1.0	1.0	1.0	1.0	1.0	1.0
1	127	2	0	7959777002.315	1.0	1.0	1.0	1.0	1.0	1.0	1.0
1	127	2	0	8164167604.921	1.0	1.0	1.0	1.0	1.0	1.0	1.0
1	127	2	0	8373806535.267	1.0	1.0	1.0	1.0	1.0	1.0	1.0
1	127	2	0	8588828559.546	1.0	1.0	1.0	1.0	1.0	1.0	1.0
1	127	2	0	8809371904.474	1.0	1.0	1.0	1.0	1.0	1.0	1.0
1	127	2	0	9035578346.139	1.0	1.0	1.0	1.0	1.0	1.0	1.0
1	127	2	0	9267593301.147	1.0	1.0	1.0	1.0	1.0	1.0	1.0
1	127	2	0	9505565920.101	1.0	1.0	1.0	1.0	1.0	1.0	1.0
1	127	2	0	9749649183.484	1.0	1.0	1.0	1.0	1.0	1.0	1.0
1	127	2	0	10000000000.000	1.0	1.0	1.0	1.0	1.0	1.0	1.0
#TRACE_HIST_L=127: 
#AVALANCHES_L=127: 
#okely dokely!